Semantic Frequency:
[[0.8068, 1], [0.7836, 1], [0.7796, 1], [0.5109999999999999, 0], [0.8538, 1], [0.8342000000000002, 1],[0.8467999999999999, 1], [0.629, 0], [0.7286000000000005, 1], [0.8034000000000002, 1],[0.7444000000000002, 1], [0.6096, 0], [0.7959999999999998, 1], [0.7744, 1], [0.782, 1],[0.5951999999999998, 0], [0.7197999999999998, 1], [0.7204000000000004, 1], [0.7155999999999996, 1],[0.5977999999999999, 0], [0.7282000000000002, 1], [0.7619999999999999, 1], [0.7402000000000002, 1],[0.6615999999999999, 0], [0.7182000000000005, 1], [0.7450000000000004, 1], [0.7027999999999999, 1],[0.7129999999999999, 0], [0.7666000000000001, 1], [0.7720000000000001, 1], [0.8354, 1], [0.6218, 0],[0.7239999999999996, 1], [0.7358000000000002, 1], [0.7433999999999998, 1], [0.5944000000000002, 0],[0.7855999999999997, 1], [0.791, 1], [0.7442, 1], [0.561, 0]]
Speech Frequency
[[0.7294000000000002, 1], [0.6537999999999999, 1], [0.7146000000000001, 1], [0.6353999999999999, 0], [0.6437999999999999, 1], [0.6948000000000001, 1], [0.7206, 1], [0.621, 0], [0.7269999999999999, 1], [0.7924000000000002, 1], [0.7460000000000002, 1], [0.6398000000000001, 0], [0.7321999999999997, 1], [0.7192000000000001, 1], [0.7357999999999995, 1], [0.7096000000000003, 0], [0.7242000000000003, 1], [0.7475999999999999, 1], [0.6412000000000002, 1], [0.6522, 0], [0.7639999999999997, 1], [0.735, 1], [0.7875999999999999, 1], [0.615, 0], [0.7425999999999996, 1], [0.7691999999999999, 1], [0.7525999999999997, 1], [0.6588, 0], [0.6972000000000003, 1], [0.6376, 1], [0.7338000000000001, 1], [0.5024000000000001, 0], [0.6342, 1], [0.6649999999999998, 1], [0.5850000000000001, 1], [0.5309999999999997, 0], [0.8000000000000003, 1], [0.7864, 1], [0.8180000000000003, 1], [0.674, 0]]
Name
[[0.5015999999999998, 1], [0.4201999999999998, 0], [0.6933999999999998, 1], [0.43419999999999986, 0], [0.5658000000000001, 1], [0.3448000000000001, 0], [0.5526000000000001, 1], [0.327, 0], [0.5932000000000001, 1], [0.2953999999999999, 0], [0.5967999999999999, 1], [0.45620000000000016, 0], [0.6304000000000001, 1], [0.302, 0], [0.7185999999999999, 1], [0.4006, 0], [0.4345999999999999, 1], [0.39660000000000006, 0], [0.6677999999999997, 1], [0.5261999999999998, 0]]
Read
[[0.6346, 1], [0.2372, 0], [0.8362, 1], [0.20899999999999988, 0], [0.7061999999999999, 1], [0.4603999999999999, 0], [0.775, 1], [0.31760000000000005, 0], [0.5240000000000001, 1], [0.5185999999999998, 0], [0.6162000000000001, 1], [0.33679999999999993, 0], [0.5788, 1], [0.2832, 0], [0.7585999999999999, 1], [0.3269999999999998, 0], [0.5056, 1], [0.347, 0], [0.46540000000000015, 1], [0.3319999999999998, 0]]
Reading picture
[[0.6868000000000003, 1], [0.3854000000000001, 0], [0.5915999999999999, 1], [0.3399999999999999, 0], [0.39660000000000006, 1], [0.33160000000000006, 0], [0.6894000000000002, 1], [0.26799999999999996, 0], [0.6224000000000001, 1], [0.3797999999999999, 0], [0.6871999999999998, 1], [0.3215999999999999, 0], [0.6608000000000002, 1], [0.4143999999999999, 0], [0.5711999999999998, 1], [0.3975999999999999, 0], [0.6348000000000001, 1], [0.28979999999999995, 0], [0.5948000000000001, 1], [0.5288, 0]]
Stroop1
[[0.40459999999999996, 1], [0.3399999999999999, 0], [0.6390000000000002, 1], [0.5309999999999999, 0], [0.7890000000000001, 1], [0.34940000000000004, 0], [0.7031999999999995, 1], [0.395, 0], [0.6947999999999999, 1], [0.2361999999999998, 0], [0.5609999999999998, 1], [0.29560000000000014, 0], [0.6528, 1], [0.46059999999999995, 0], [0.6817999999999997, 1], [0.2744, 0], [0.48780000000000007, 1], [0.36279999999999996, 0], [0.6459999999999999, 1], [0.36919999999999975, 0]]
Stroop2
[[0.6461999999999999, 1], [0.4545999999999998, 0], [0.6900000000000002, 1], [0.32659999999999995, 0], [0.5406000000000001, 1], [0.3614, 0], [0.6156000000000004, 1], [0.3066000000000001, 0], [0.3592000000000001, 1], [0.3312, 0], [0.6117999999999999, 1], [0.36760000000000026, 0], [0.5979999999999996, 1], [0.31360000000000005, 0], [0.6476, 1], [0.2981999999999999, 0], [0.7026, 1], [0.2135999999999999, 0], [0.6776000000000003, 1], [0.41319999999999985, 0]]
Stroop3
[[0.40139999999999987, 1], [0.3225999999999999, 0], [0.6448, 1], [0.21239999999999992, 0], [0.7186, 1], [0.3845999999999999, 0], [0.6988, 1], [0.35420000000000007, 0], [0.47979999999999995, 1], [0.3430000000000002, 0], [0.7087999999999997, 1], [0.21859999999999996, 0], [0.7059999999999998, 1], [0.29960000000000003, 0], [0.6754000000000003, 1], [0.33199999999999996, 0], [0.8142, 1], [0.31579999999999986, 0], [0.7014, 1], [0.262, 0]]
